<!DOCTYPE html>
<html lang="en">
<head>
    <meta charset="UTF-8">
    <meta http-equiv="X-UA-Compatible" content="IE=edge">
    <meta name="viewport" content="width=device-width, initial-scale=1.0">
    <title>Document</title>
    <!-- <script src="https://d3js.org/d3.v4.js"></script> -->
    <script type="text/javascript" src="https://cdnjs.cloudflare.com/ajax/libs/d3/3.5.17/d3.min.js"></script>
    <style>
        body {
            background-color: rgba(88, 117, 214, 0.603);
        }
    
        #mydiv {
            height: '500px';
            width: 50%;
            border: 1px black solid;
        }

        .axis text {
            font: 10px sans-serif;
        }

        .axis line, .axis path {
            fill: none;
            stroke: #000;
            shape-rendering: crispEdges;
        }
    </style>
</head>

<body>

    <div style="display:inline-block;" id="legend"></div>
    <div style="display:inline-block; float:left;" id="container"></div>
    <div style="">cc</div>


    <p id="test"></p>

<script>

function Matrix(options) {
	var margin = {top: 50, right: 50, bottom: 100, left: 100},
	    width = 350,
	    height = 350,
	    data = options.data,
	    container = options.container,
	    labelsData = options.labels,
	    startColor = options.start_color,
	    endColor = options.end_color;

	var widthLegend = 100;

	if(!data){
		throw new Error('Please pass data');
	}

	if(!Array.isArray(data) || !data.length || !Array.isArray(data[0])){
		throw new Error('It should be a 2-D array');
	}

    var maxValue = d3.max(data, function(layer) { return d3.max(layer, function(d) { return d; }); });
    var minValue = d3.min(data, function(layer) { return d3.min(layer, function(d) { return d; }); });

	var numrows = data.length;
	var numcols = data[0].length;

	var svg = d3.select(container).append("svg")
	    .attr("width", width + margin.left + margin.right)
	    .attr("height", height + margin.top + margin.bottom)
		.append("g")
	    .attr("transform", "translate(" + margin.left + "," + margin.top + ")");

	var background = svg.append("rect")
	    .style("stroke", "black")
	    .style("stroke-width", "2px")
	    .attr("width", width)
	    .attr("height", height);

	var x = d3.scale.ordinal()
	    .domain(d3.range(numcols))
	    .rangeBands([0, width]);

	var y = d3.scale.ordinal()
	    .domain(d3.range(numrows))
	    .rangeBands([0, height]);

	var colorMap = d3.scale.linear()
	    .domain([minValue,maxValue])
	    .range([startColor, endColor]);

	var row = svg.selectAll(".row")
	    .data(data)
	  	.enter().append("g")
	    .attr("class", "row")
	    .attr("transform", function(d, i) { return "translate(0," + y(i) + ")"; });

	var cell = row.selectAll(".cell")
	    .data(function(d) { return d; })
			.enter().append("g")
	    .attr("class", "cell")
	    .attr("transform", function(d, i) { return "translate(" + x(i) + ", 0)"; });

	cell.append('rect')
	    .attr("width", x.rangeBand())
	    .attr("height", y.rangeBand())
	    .style("stroke-width", 0);

    //inside cell number
    cell.append("text")
	    .attr("dy", ".32em")
	    .attr("x", x.rangeBand() / 2)
	    .attr("y", y.rangeBand() / 2)
	    .attr("text-anchor", "middle")
	    .style("fill", function(d, i) { return d >= maxValue/2 ? 'white' : 'black'; })
	    .text(function(d, i) { return d.toFixed(2); });

	row.selectAll(".cell")
	    .data(function(d, i) { return data[i]; })
	    .style("fill", colorMap);

	var labels = svg.append('g')
		.attr('class', "labels");

	var columnLabels = labels.selectAll(".column-label")
	    .data(labelsData)
	    .enter().append("g")
	    .attr("class", "column-label")
	    .attr("transform", function(d, i) { return "translate(" + x(i) + "," + height + ")"; });

	columnLabels.append("line")
		.style("stroke", "black")
	    .style("stroke-width", "1px")
	    .attr("x1", x.rangeBand() / 2)
	    .attr("x2", x.rangeBand() / 2)
	    .attr("y1", 0)
	    .attr("y2", 5);

	columnLabels.append("text")
	    .attr("x", 0)
	    .attr("y", y.rangeBand() / 2)
	    .attr("dy", ".82em")
	    .attr("text-anchor", "end")
	    .attr("transform", "rotate(-60)")
	    .text(function(d, i) { return d; });

	var rowLabels = labels.selectAll(".row-label")
	    .data(labelsData)
	  .enter().append("g")
	    .attr("class", "row-label")
	    .attr("transform", function(d, i) { return "translate(" + 0 + "," + y(i) + ")"; });

	rowLabels.append("line")
		.style("stroke", "black")
	    .style("stroke-width", "1px")
	    .attr("x1", 0)
	    .attr("x2", -5)
	    .attr("y1", y.rangeBand() / 2)
	    .attr("y2", y.rangeBand() / 2);

	rowLabels.append("text")
	    .attr("x", -8)
	    .attr("y", y.rangeBand() / 2)
	    .attr("dy", ".32em")
	    .attr("text-anchor", "end")
	    .text(function(d, i) { return d; });

    var key = d3.select("#legend")
    .append("svg")
    .attr("width", widthLegend)
    .attr("height", height + margin.top + margin.bottom);

    var legend = key
    .append("defs")
    .append("svg:linearGradient")
    .attr("id", "gradient")
    .attr("x1", "100%")
    .attr("y1", "0%")
    .attr("x2", "100%")
    .attr("y2", "100%")
    .attr("spreadMethod", "pad");

    legend
    .append("stop")
    .attr("offset", "0%")
    .attr("stop-color", endColor)
    .attr("stop-opacity", 1);

    legend
    .append("stop")
    .attr("offset", "100%")
    .attr("stop-color", startColor)
    .attr("stop-opacity", 1);

    key.append("rect")
    .attr("width", widthLegend/2-10)
    .attr("height", height)
    .style("fill", "url(#gradient)")
    .attr("transform", "translate(0," + margin.top + ")");

    var y = d3.scale.linear()
    .range([height, 0])
    .domain([minValue, maxValue]);

    var yAxis = d3.svg.axis()
    .scale(y)
    .orient("right");

    key.append("g")
    .attr("class", "y axis")
    .attr("transform", "translate(41," + margin.top + ")")
    .call(yAxis)
}


const corr_matrix = [
    [1, 0.97923926, 0.35920157, 0.58715457, 0.41525457, 0.18481543,
    0.64670875, 0.60849003],
    [0.97923926, 1,         0.30523474, 0.60250562, 0.38768283, 0.20930135,
  0.58770565, 0.57491405],
 [0.35920157, 0.30523474, 1.,0.12653049, 0.16128849, 0.05099437,
  0.27812783, 0.27377535],
 [0.58715457, 0.60250562, 0.12653049, 1.,         0.40127988, 0.14659396,
  0.48537794, 0.54726947],
 [0.41525457, 0.38768283, 0.16128849, 0.40127988, 1.,0.04257694,
  0.46908853, 0.41293706],
 [0.18481543, 0.20930135, 0.05099437, 0.14659396, 0.04257694, 1.,
  0.17884077, 0.21958198],
 [0.64670875, 0.58770565, 0.27812783, 0.48537794, 0.46908853, 0.17884077,
  1., 0.48964661],
 [0.60849003, 0.57491405, 0.27377535, 0.54726947, 0.41293706, 0.21958198,
  0.48964661, 1.]
];

const new_matr = [[],[],[],[],[],[],[],[]];

for(var i=0;i<corr_matrix.length;i++){
	for(var j=0;j<corr_matrix[i].length;j++){
		new_matr[i][j] = corr_matrix[i][j].toFixed(2);
	}
}

console.log(new_matr);
// document.getElementById("test").innerHTML = corr_matrix[0];

const labels = ['satMath', 'satWriting', 'enrollment', 'graduation', 'attendance', 'income', 'APScore', 'PostSecondary'];

Matrix({
        container : '#container',
        data      : corr_matrix,
        labels    : labels,
        start_color : '#ffffff',
        end_color : '#cc1818'
    });
</script>
</body>
</html>